10.606
10.793
10.819
10.808
10.816
10.792
10.601
10.740
10.667
10.733
10.763
10.711
10.667
10.584
10.883
10.709
10.792
10.778
10.715
10.479
10.746
10.883
10.701
10.999
10.674
10.780
10.833
10.734
10.771
10.786
10.810
10.749
10.590
10.724
10.594
10.593
10.648
10.873
10.823
10.579
10.792
10.709
10.720
10.712
10.739
10.639
10.832
10.749
11.034
10.710
10.667
10.690
10.829
10.910
10.785
10.766
10.798
10.877
10.510
10.792
10.837
10.745
10.664
10.393
10.944
10.636
10.852
10.686
10.615
10.734
10.895
10.529
10.543
10.567
10.658
10.737
10.738
10.839
10.810
10.766
10.967
10.555
10.816
10.671
10.694
10.698
10.630
10.750
10.973
10.743
10.822
10.788
10.767
10.628
10.868
10.633
10.811
10.722
10.839
10.564
