12.057
12.414
11.930
12.028
12.598
11.874
11.495
11.621
11.890
11.221
11.972
11.781
12.168
11.916
11.817
12.642
11.389
11.983
11.831
11.430
11.913
11.411
11.717
12.154
11.740
11.528
12.193
12.468
12.189
12.106
11.686
11.844
12.369
11.858
11.615
11.536
12.609
11.391
11.806
11.534
11.594
12.113
11.563
12.030
11.724
12.284
11.720
11.336
11.393
11.611
12.193
12.284
11.404
11.408
11.778
11.939
12.343
12.094
12.270
11.409
11.614
12.122
11.714
12.453
11.650
11.778
11.828
12.211
11.928
11.568
11.926
12.090
12.646
11.458
11.889
11.522
11.599
12.306
12.106
12.083
11.714
12.360
11.910
12.354
12.366
12.137
11.554
11.834
11.911
12.184
11.561
11.938
11.322
12.102
12.339
11.840
11.409
12.273
11.471
12.278
