9.697
9.721
9.776
9.890
9.706
9.718
9.714
9.737
9.702
9.694
9.704
9.658
9.705
9.757
9.732
9.669
9.684
9.716
9.868
9.866
9.746
9.738
9.701
9.689
9.668
9.735
9.662
9.789
9.734
9.664
9.769
9.738
9.704
9.828
9.912
9.764
9.733
9.725
9.712
9.695
9.727
9.737
9.714
9.712
9.724
9.669
9.694
9.728
9.684
9.675
9.693
9.734
9.721
9.668
9.717
9.737
9.714
9.723
9.708
9.729
9.675
9.665
9.737
9.681
9.750
9.753
9.756
9.639
9.736
9.739
9.914
9.839
9.923
9.714
9.731
9.743
9.776
9.680
9.756
9.673
9.715
9.754
9.858
9.869
9.710
9.684
9.667
9.707
9.732
9.649
9.776
9.677
9.713
9.688
9.732
9.677
9.743
9.725
9.724
9.724
